# R script for Peak Model
#  -- generated by MACS
p <- c(0.0427801225561,0.0499130871496,0.0570287975524,0.0641876434319,0.0713271810504,0.0713518298942,0.0713879815319,0.0714261872398,0.0715247826152,0.0715597018106,0.0713842842053,0.0712910294127,0.071267202197,0.0712187261375,0.0712807590611,0.0712902077846,0.071177233917,0.0711205415762,0.0710942494761,0.0710716547026,0.0711061630839,0.0713041754628,0.0713358081457,0.0714307061945,0.0714003059538,0.0713715489693,0.0713616894318,0.0713625110599,0.071363332688,0.071369494899,0.0714475495711,0.0713386838442,0.0713304675629,0.0712614508001,0.0712166720672,0.0711760014748,0.0712815806893,0.0713029430206,0.0712520020767,0.071183396128,0.0712047584593,0.0711698392639,0.0711714825201,0.0711628554248,0.0710913737776,0.0710737087729,0.0710831574964,0.0710030487539,0.0710967143605,0.0710597410947,0.0709948324726,0.0709627889756,0.0708728206956,0.0708966479113,0.0708658368565,0.0708982911675,0.0708103769578,0.0708033931188,0.0706283863275,0.0706427648197,0.0706924733215,0.0706994571606,0.0707520413608,0.0707113707684,0.0707692955514,0.0707372520545,0.0708604962737,0.0709307454786,0.0710963035464,0.0711115036668,0.0710441301603,0.0711295794856,0.0711225956465,0.0711439579778,0.0712318721875,0.0712146179968,0.0711731257764,0.0711110928527,0.0710026379398,0.070913902102,0.0710051028242,0.0708781612784,0.0709504645537,0.0709722376991,0.070830506847,0.0708510475502,0.0707623117124,0.0708793937206,0.0709410158302,0.0709759350256,0.0709221183833,0.0710732979588,0.0709533402521,0.070952518624,0.0709931892163,0.0710383787634,0.0710930170339,0.0709492321115,0.0709508753677,0.0709882594476,0.0709726485131,0.0709167778004,0.0710124974773,0.0709619673475,0.0709475888552,0.0709788107241,0.0709833296788,0.071049059929,0.0710030487539,0.0710880872651,0.0710860331948,0.0711332768122,0.0710963035464,0.0711591580982,0.0711616229826,0.0710092109648,0.0710470058587,0.0710535788837,0.0711061630839,0.0711382065809,0.071196131364,0.0711078063402,0.0711558715857,0.0712039368312,0.0712914402268,0.0714652145759,0.0715469665746,0.071639399739,0.071658297186,0.0715391611074,0.0715165663339,0.0716463835781,0.0716188590358,0.0714652145759,0.071466036204,0.0714824687666,0.0713748354818,0.071376067924,0.0713838733912,0.0715128690073,0.0715543612278,0.0715498422731,0.0716089994983,0.0717014326627,0.0717490870941,0.0717400491847,0.0717659304707,0.07181235246,0.0717914009427,0.0717955090834,0.0717959198974,0.0718439851429,0.0719035531822,0.072017759492,0.0721040304454,0.0720802032297,0.0721323766158,0.0721434685956,0.0721960527958,0.0721870148864,0.0722732858398,0.0722515126944,0.0722925941008,0.07233901609,0.0722864318899,0.072422411345,0.0724433628623,0.0725115579969,0.072608099302,0.0727983062136,0.0728172036606,0.0729153882219,0.073000015919,0.0730328810442,0.0731203844398,0.0731364061883,0.0731626982884,0.0731680388712,0.0731709145697,0.0731183303695,0.0731820065494,0.0732551314528,0.0732058337651,0.0731680388712,0.0731228493242,0.0731466765399,0.0733537268282,0.0733943974205,0.0734966901224,0.0735480418804,0.0736314371354,0.0736597833059,0.0737242811139,0.0737702922891,0.0738976446489,0.073885320227,0.0737702922891,0.0738672444082,0.0738803904582,0.0739436558241,0.0740389646869,0.0740065103759,0.0741375600623,0.0742554636987,0.0743725457069,0.0744785357354,0.074687640094,0.0747878787256,0.0748905822416,0.0748655225837,0.0749702801701,0.0751296760269,0.0751284435847,0.0751641844083,0.0751263895144,0.075232790357,0.0752607257133,0.0752775690899,0.0752861961853,0.0754476461124,0.0754932464735,0.0755544577691,0.0757183725806,0.0757561674745,0.0758502438952,0.0758798225078,0.0758909144875,0.0759422662455,0.0760531860428,0.0761723221214,0.0762060088746,0.0761801275886,0.0762631120295,0.0764015563691,0.0766533853903,0.0767852567049,0.0768345543926,0.0768986413865,0.0770001124604,0.0770830969013,0.077113086328,0.0772687848582,0.0772622118332,0.0773279420834,0.0773221906865,0.077408872454,0.0775957928532,0.0777046585801,0.0778032539555,0.077806540468,0.0779831905155,0.0781499810255,0.0782958200183,0.0784400157547,0.0784872593721,0.0786462444149,0.0786762338415,0.0788454892359,0.0789523008925,0.0791564754824,0.0792156327076,0.079340520183,0.0795377109338,0.0796149439778,0.079808437402,0.0798786866069,0.0800171309465,0.0801095641109,0.0802356840285,0.0803581066196,0.0804838157232,0.0805680326063,0.0806645739114,0.0807948019696,0.0808658728027,0.0810466309909,0.0811550859038,0.0812770976808,0.0814422449345,0.0814944183207,0.0816739440666,0.0818062261953,0.0818768862143,0.0820900987135,0.0822704460876,0.0824618854414,0.0825925243138,0.0828131314661,0.0829030997462,0.0830871444468,0.0832600971678,0.0834544122201,0.0835636887611,0.0837325333414,0.0839239726952,0.0839461566547,0.0841129471647,0.0841823747415,0.0844148955017,0.0845878482227,0.0849181427302,0.085225020836,0.0856461052516,0.0859258696292,0.0862372666897,0.0868345903388,0.0873374267531,0.0878649120113,0.0882457366487,0.088639296522,0.0888615469306,0.0891906089959,0.0894387406906,0.0897727325246,0.0901909412418,0.0902677634717,0.0904785110866,0.0905684793666,0.0908712493318,0.0911074674186,0.091373264118,0.0915219788092,0.0917052018817,0.0918555598292,0.0919492254358,0.0921768164272,0.0923316933294,0.0925432625723,0.0927231991324,0.0929409305863,0.0931787919294,0.0933205227814,0.0935444164463,0.0936356171685,0.093722298936,0.093901413868,0.0940205499465,0.0941910377831,0.0942526598927,0.0943229090976,0.0942460868677,0.0944157530761,0.0945073646124,0.0947008580365,0.0949136597217,0.0949354328671,0.0952082134056,0.0953491226295,0.0955155023255,0.0956818820214,0.0958449752048,0.0960080683882,0.0960372361868,0.0962767407861,0.0963535630161,0.096551986209,0.0966123758764,0.0968099774412,0.0969188431681,0.097180942541,0.0974685123858,0.0976184595192,0.0979035644796,0.0980572089395,0.09818866944,0.0983078055186,0.098496369174,0.098638100026,0.098714922256,0.0987613442452,0.0988476151987,0.098984416282,0.0991121794559,0.0992650022877,0.0994905392089,0.0996852650752,0.0998553420977,0.0999424346793,0.100193031258,0.100362286653,0.1005652288,0.100679024296,0.10079158735,0.100914420755,0.100966183327,0.10111407639,0.10118186071,0.101387678556,0.101504349751,0.101690859336,0.101768503194,0.101840806469,0.102046624315,0.102031835009,0.10222902576,0.102482908851,0.10264148308,0.102662845411,0.10270721333,0.10275979753,0.102837441388,0.102970955959,0.103159519615,0.10337642944,0.103447911088,0.103546506463,0.103674269637,0.103874336086,0.104114662313,0.104384156339,0.104572719995,0.104875900774,0.10498065836,0.104995447667,0.105264120065,0.105354499159,0.105465008142,0.105613312019,0.105785443112,0.105839259754,0.106036450505,0.106102180755,0.106215154623,0.1065212111,0.106713472082,0.106844932583,0.107026923213,0.107210967914,0.107421304715,0.107544548934,0.107626711747,0.107756939805,0.107901546355,0.108013698595,0.108104899317,0.108165699799,0.108374804157,0.108506675472,0.108611022244,0.108864494522,0.109044841896,0.109201772868,0.109439223397,0.109601905766,0.10968817672,0.109893583752,0.109993822384,0.110271121877,0.110333565614,0.110402582377,0.110606756967,0.110755060844,0.110707406413,0.110777655618,0.110903364721,0.111004835795,0.111135474667,0.111054133483,0.111160945139,0.111179842586,0.111238588997,0.11126816761,0.111508904652,0.111613251424,0.111576688972,0.111709792729,0.111716776568,0.11184536137,0.111997362574,0.112141147496,0.11213950424,0.112215915656,0.112419268617,0.11260454576,0.1128218664,0.112898277816,0.112980851443,0.113086430657,0.113136549973,0.113202691038,0.113367427477,0.113404400743,0.113317718975,0.113392487135,0.113436033426,0.113477525646,0.11361432673,0.11378522538,0.11388628564,0.114057184291,0.11420466654,0.114427738576,0.114595761529,0.114695178532,0.114760497968,0.11490222882,0.115101473641,0.115070662587,0.115147484817,0.115204998786,0.115244026122,0.115343443125,0.115373432552,0.115504071424,0.115678667401,0.115702494617,0.115765759983,0.115960075035,